Zegarek 20 200 100 250
Jabłko 2 200 150 250
Krzesło 20 200 1000 6000
Kanapka 10 200 100 400
Zeszyt 10 200 100 250
Cegła 20 200 2000 4000
Długopis 1 100 50 100
Portfel 20 200 100 250
Słuchawki 20 1000 100 500
Piłka 10 1000 400 500
Laptop 900 40000 1700 7000
Telefon 300 6000 250 550
Powerbank 40 1000 100 400
Książka 10 500 100 1500
Wiertarka 80 400 2000 4000
Klawiatura 50 1000 300 1000
Kask 10 200 100 400
Mikrofon 50 3000 100 600
Notes 3 50 50 200
Kabel 5 200 30 200
Sweter 50 600 250 300
Bluza 50 600 250 300
Spodnie 50 600 250 300
Talerz 10 1000 250 300
Szklanka 10 1000 250 300
Sztućce 10 1000 250 300
Obraz 100 100000 250 10000
Okulary 100 3000 250 300
Etui 10 100 300 450
Budzik 10 100 300 500
Torba 50 100 300 700
Plecak 50 1000 300 800
Harmonijka 10 100 200 450
Mydło 10 100 50 450
Szampon 5 50 300 1000
Młotek 30 250 500 2000
Kątowik 30 100 300 650
Kamizelka 10 50 250 450
Kłódka 10 50 100 600
Breloczek 1 100 50 450
Słownik 10 50 300 500
Pomarańcza 2 10 150 250
Kaki 3 20 150 250
Kiwi 1 10 150 250
Grejpfrut 7 30 150 250
Mandarynka 1 4 150 250
Marchewka 1 3 150 250
Sałata 1 7 150 250
Pietruszka 1 8 150 250
Agrest 1 10 10 80
Ananas 4 20 150 250
Arbuz 1 5 150 250
Bakłażan 1 6 150 250
Borówka 1 3 15 25
Bób 1 3 15 25
Brokuł 2 10 150 250
Brukiew 2 20 150 250
Brzoskwinia 3 30 150 250
Burak 1 8 150 250
Cebula 1 4 150 250
Cykoria 1 12 150 250
Cytryna 1 13 150 250
Czosnek 2 14 150 250
Gruszka 2 18 150 250
Groch 2 16 150 250
Kalarepa 2 16 150 250
Seler 2 15 150 250
Biurko 100 1000 6000 10000
Kreda 5 10 100 300
Tablica 50 100 400 800
Żurawina 5 20 250 450
Rzepa 1 20 250 450
Farby 10 150 250 800
Kredki 40 300 250 450
Nożyczki 10 50 250 450
Temperówka 1 10 10 70
Kalkulator 10 200 200 400
Cyrkiel 1 5 25 45
Zszywacz 10 50 100 300
Segregator 10 50 300 400
Wycinanki 10 50 250 450
Pendrive 10 200 50 250
Dysk 100 800 250 800
Linijka 2 5 100 250
Ołówek 1 20 40 60
Czajnik 50 150 300 900
Kawa 10 90 250 1000
Herbata 10 90 250 1000
Kolczyki 100 500 50 100
Pierścionek 100 10000 50 100
Naszynik 100 9000 50 150
Rękawiczki 10 100 50 100
Szalik 10 200 90 290
Czapka 10 200 90 240
Kurtka 100 1000 500 2000
Narty 500 20000 2000 8000
Sanki 150 500 2000 4000
Snowboard 500 20000 2000 8000
Toster 50 200 500 700